1.180703580675622089e+00
3.735155994439495752e-01
6.890436897376770453e-01
1.525068338054462957e+00
8.392795750564329138e-01
1.946426422190080885e+00
5.471537862922454254e-01
1.659544913516608267e+00
1.383796163288562031e+00
1.696485167746379696e+00
1.308998916225134979e+00
1.112105838736386465e+00
7.585295161599814318e-01
9.792377324887416856e-01
5.550720296512624552e-01
9.023462728513822473e-01
9.081556969506248134e-01
1.086077329045271878e+00
7.393198543124678279e-01
1.708075950491447337e+00
1.023920883225581058e+00
1.322660128843173188e+00
1.205384734833743421e+00
1.091592161628997859e+00
7.385200486710435941e-01
1.158138212904860520e+00
6.557743306170690234e-01
1.080463654923884187e+00
1.112390199090123710e+00
1.055386325281358229e+00
1.060570831851729068e+00
1.084922741816424230e+00
1.227614806811925918e+00
1.006236387236858265e+00
1.211019999996370888e+00
9.975086474281722460e-01
1.395412791295467914e+00
9.224855365028934440e-01
9.921575322540949760e-01
9.089026133611535219e-01
1.511915522486541485e+00
1.282430693433675328e+00
8.346335168057070764e-01
8.346630675207618033e-01
8.170399116019049224e-01
1.741942256488878682e+00
1.367229496398074229e+00
4.309296987965219872e-01
1.079914415026741903e+00
1.360423305811320649e+00
9.261593309725455470e-01
7.490914787454295842e-01
8.461424798317671581e-01
1.156595339546743872e+00
9.034854877714858512e-01
6.482266126217350877e-01
1.125458202994910728e+00
1.007793785312733004e+00
1.296619182048901919e+00
1.001053298587172513e+00
1.037505987688823073e+00
1.003946827717975054e+00
1.006669015191030248e+00
1.000008357991423624e+00
1.098610634671870478e+00
1.300870736284339912e+00
1.060633142469578294e+00
1.131484996435277779e+00
1.455992706654014812e+00
1.035762134688157587e+00
1.015398904789222012e+00
1.146954694913169925e+00
1.156628309046253467e+00
